1 10 23 29 33 37 40 16
2 09 13 21 25 32 42 02
3 11 16 19 21 27 31 30
4 14 27 30 31 40 42 02
5 16 24 29 40 41 42 03
6 14 15 26 27 40 42 34
7 02 09 16 25 26 40 42
8 08 19 25 34 37 39 09
9 02 04 16 17 36 39 14
10 09 25 30 33 41 44 06
11 01 07 36 37 41 42 14
12 02 11 21 25 39 45 44
13 22 23 25 37 38 42 26
14 02 06 12 31 33 40 15
15 03 04 16 30 31 37 13
16 06 07 24 37 38 40 33
17 03 04 09 17 32 37 01
18 03 12 13 19 32 35 29
19 06 30 38 39 40 43 26
20 10 14 18 20 23 30 41
21 06 12 17 18 31 32 21
22 04 05 06 08 17 39 25
23 05 13 17 18 33 42 44
24 07 08 27 29 36 43 06
25 02 04 21 26 43 44 16
26 04 05 07 18 20 25 31
27 01 20 26 28 37 43 27
28 09 18 23 25 35 37 01
29 01 05 13 34 39 40 11
30 08 17 20 35 36 44 04
31 07 09 18 23 28 35 32
32 06 14 19 25 34 44 11
33 04 07 32 33 40 41 09
34 09 26 35 37 40 42 02
35 02 03 11 26 37 43 39
36 01 10 23 26 28 40 31
37 07 27 30 33 35 37 42
38 16 17 22 30 37 43 36
39 06 07 13 15 21 43 08
40 07 13 18 19 25 26 06
41 13 20 23 35 38 43 34
42 17 18 19 21 23 32 01
43 06 31 35 38 39 44 01
44 03 11 21 30 38 45 39
45 01 10 20 27 33 35 17
46 08 13 15 23 31 38 39
47 14 17 26 31 36 45 27
48 06 10 18 26 37 38 03
49 04 07 16 19 33 40 30
50 02 10 12 15 22 44 01
51 02 03 11 16 26 44 35
52 02 04 15 16 20 29 01
53 07 08 14 32 33 39 42
54 01 08 21 27 36 39 37
55 17 21 31 37 40 44 07
56 10 14 30 31 33 37 19
57 07 10 16 25 29 44 06
58 10 24 25 33 40 44 01
59 06 29 36 39 41 45 13
60 02 08 25 36 39 42 11
61 14 15 19 30 38 43 08
62 03 08 15 27 29 35 21
63 03 20 23 36 38 40 05
64 14 15 18 21 26 36 39
65 04 25 33 36 40 43 39
66 02 03 07 17 22 24 45
67 03 07 10 15 36 38 33
68 10 12 15 16 26 39 38
69 05 08 14 15 19 39 35
70 05 19 22 25 28 43 26
71 05 09 12 16 29 41 21
72 02 04 11 17 26 27 01
73 03 12 18 32 40 43 38
74 06 15 17 18 35 40 23
75 02 05 24 32 34 44 28
76 01 03 15 22 25 37 43
77 02 18 29 32 43 44 37
78 10 13 25 29 33 35 38
79 03 12 24 27 30 32 14
80 17 18 24 25 26 30 01
81 05 07 11 13 20 33 06
82 01 02 03 14 27 42 39
83 06 10 15 17 19 34 14
84 16 23 27 34 42 45 11
85 06 08 13 23 31 36 21
86 02 12 37 39 41 45 33
87 04 12 16 23 34 43 26
88 01 17 20 24 30 41 27
89 04 26 28 29 33 40 37
90 17 20 29 35 38 44 10
91 01 21 24 26 29 42 27
92 03 14 24 33 35 36 17
93 06 22 24 36 38 44 19
94 05 32 34 40 41 45 06
95 08 17 27 31 34 43 14
96 01 03 08 21 22 31 20
97 06 07 14 15 20 36 03
98 06 09 16 23 24 32 43
99 01 03 10 27 29 37 11
100 01 07 11 23 37 42 06
101 01 03 17 32 35 45 08
102 17 22 24 26 35 40 42
103 05 14 15 27 30 45 10
104 17 32 33 34 42 44 35
105 08 10 20 34 41 45 28
106 04 10 12 22 24 33 29
107 01 04 05 06 09 31 17
108 07 18 22 23 29 44 12
109 01 05 34 36 42 44 33
110 07 20 22 23 29 43 01
111 07 18 31 33 36 40 27
112 26 29 30 33 41 42 43
113 04 09 28 33 36 45 26
114 11 14 19 26 28 41 02
115 01 02 06 09 25 28 31
116 02 04 25 31 34 37 17
117 05 10 22 34 36 44 35
118 03 04 10 17 19 22 38
119 03 11 13 14 17 21 38
120 04 06 10 11 32 37 30
121 12 28 30 34 38 43 09
122 01 11 16 17 36 40 08
123 07 17 18 28 30 45 27
124 04 16 23 25 29 42 01
125 02 08 32 33 35 36 18
126 07 20 22 27 40 43 01
127 03 05 10 29 32 43 35
128 12 30 34 36 37 45 39
129 19 23 25 28 38 42 17
130 07 19 24 27 42 45 31
131 08 10 11 14 15 21 37
132 03 17 23 34 41 45 43
133 04 07 15 18 23 26 13
134 03 12 20 23 31 35 43
135 06 14 22 28 35 39 16
136 02 16 30 36 41 42 11
137 07 09 20 25 36 39 15
138 10 11 27 28 37 39 19
139 09 11 15 20 28 43 13
140 03 13 17 18 19 28 08
141 08 12 29 31 42 43 02
142 12 16 30 34 40 44 19
143 26 27 28 42 43 45 08
144 04 15 17 26 36 37 43
145 02 03 13 20 27 44 09
146 02 19 27 35 41 42 25
147 04 06 13 21 40 42 36
148 21 25 33 34 35 36 17
149 02 11 21 34 41 42 27
150 02 18 25 28 37 39 16
151 01 02 10 13 18 19 15
152 01 05 13 26 29 34 43
153 03 08 11 12 13 36 33
154 06 19 21 35 40 45 20
155 16 19 20 32 33 41 04
156 05 18 28 30 42 45 02
157 19 26 30 33 35 39 37
158 04 09 13 18 21 34 07
159 01 18 30 41 42 43 32
160 03 07 08 34 39 41 01
161 22 34 36 40 42 45 44
162 01 05 21 25 38 41 24
163 07 11 26 28 29 44 16
164 06 09 10 11 39 41 27
165 05 13 18 19 22 42 31
166 09 12 27 36 39 45 14
167 24 27 28 30 36 39 04
168 03 10 31 40 42 43 30
169 16 27 35 37 43 45 19
170 02 11 13 15 31 42 10
171 04 16 25 29 34 35 01
172 04 19 21 24 26 41 35
173 03 09 24 30 33 34 18
174 13 14 18 22 35 39 16
175 19 26 28 31 33 36 17
176 04 17 30 32 33 34 15
177 01 10 13 16 37 43 06
178 01 05 11 12 18 23 09
179 05 09 17 25 39 43 32
180 02 15 20 21 29 34 22
181 14 21 23 32 40 45 44
182 13 15 27 29 34 40 35
183 02 18 24 34 40 42 05
184 01 02 06 16 20 33 41
185 01 02 04 08 19 38 14
186 04 10 14 19 21 45 09
187 01 02 08 18 29 38 42
188 19 24 27 30 31 34 36
189 08 14 32 35 37 45 28
190 08 14 18 30 31 44 15
191 05 06 24 25 32 37 08
192 04 08 11 18 37 45 33
193 06 14 18 26 36 39 13
194 15 20 23 26 39 44 28
195 07 10 19 22 35 40 31
196 35 36 37 41 44 45 30
197 07 12 16 34 42 45 04
198 12 19 20 25 41 45 02
199 14 21 22 25 30 36 43
200 05 06 13 14 17 20 07
201 03 11 24 38 39 44 26
202 12 14 27 33 39 44 17
203 01 03 11 24 30 32 07
204 03 12 14 35 40 45 05
205 01 03 21 29 35 37 30
206 01 02 03 15 20 25 43
207 03 11 14 31 32 37 38
208 14 25 31 34 40 44 24
209 02 07 18 20 24 33 37
210 10 19 22 23 25 37 39
211 12 13 17 20 33 41 08
212 11 12 18 21 31 38 08
213 02 03 04 05 20 24 42
214 05 07 20 25 28 37 32
215 02 03 07 15 43 44 04
216 07 16 17 33 36 40 01
217 16 20 27 33 35 39 38
218 01 08 14 18 29 44 20
219 04 11 20 26 35 37 16
220 05 11 19 21 34 43 31
221 02 20 33 35 37 40 10
222 05 07 28 29 39 43 44
223 01 03 18 20 26 27 38
224 04 19 26 27 30 42 07
225 05 11 13 19 31 36 07
226 02 06 08 14 21 22 34
227 04 05 15 16 22 42 02
228 17 25 35 36 39 44 23
229 04 05 09 11 23 38 35
230 05 11 14 29 32 33 12
231 05 10 19 31 44 45 27
232 08 09 10 12 24 44 35
233 04 06 13 17 28 40 39
234 13 21 22 24 26 37 04
235 21 22 26 27 31 37 08
236 01 04 08 13 37 39 07
237 01 11 17 21 24 44 33
238 02 04 15 28 31 34 35
239 11 15 24 39 41 44 07
240 06 10 16 40 41 43 21
241 02 16 24 27 28 35 21
242 04 19 20 21 32 34 43
243 02 12 17 19 28 42 34
244 13 16 25 36 37 38 19
245 09 11 27 31 32 38 22
246 13 18 21 23 26 39 15
247 12 15 28 36 39 40 13
248 03 08 17 23 38 45 13
249 03 08 27 31 41 44 11
250 19 23 30 37 43 45 38
251 06 07 19 25 28 38 45
252 14 23 26 31 39 45 28
253 08 19 25 31 34 36 33
254 01 05 19 20 24 30 27
255 01 05 06 24 27 42 32
256 04 11 14 21 23 43 32
257 06 13 27 31 32 37 04
258 14 27 30 31 38 40 17
259 04 05 14 35 42 45 34
260 07 12 15 24 37 40 43
261 06 11 16 18 31 43 02
262 09 12 24 25 29 31 36
263 01 27 28 32 37 40 18
264 09 16 27 36 41 44 05
265 05 09 34 37 38 39 12
266 03 04 09 11 22 42 37
267 07 08 24 34 36 41 01
268 03 10 19 24 32 45 12
269 05 18 20 36 42 43 32
270 05 09 12 20 21 26 27
271 03 08 09 27 29 40 36
272 07 09 12 27 39 43 28
273 01 08 24 31 34 44 06
274 13 14 15 26 35 39 25
275 14 19 20 35 38 40 26
276 04 15 21 33 39 41 25
277 10 12 13 15 25 29 20
278 03 11 37 39 41 43 13
279 07 16 31 36 37 38 11
280 10 11 23 24 36 37 35
281 01 03 04 06 14 41 12
282 02 05 10 18 31 32 30
283 06 08 18 31 38 45 42
284 02 07 15 24 30 45 28
285 13 33 37 40 41 45 02
286 01 15 19 40 42 44 17
287 06 12 24 27 35 37 41
288 01 12 17 28 35 41 10
289 03 14 33 37 38 42 10
290 08 13 18 32 39 45 07
291 03 07 08 18 20 42 45
292 17 18 31 32 33 34 10
293 01 09 17 21 29 33 24
294 06 10 17 30 37 38 40
295 01 04 12 16 18 38 08
296 03 08 15 27 30 45 44
297 06 11 19 20 28 32 34
298 05 09 27 29 37 40 19
299 01 03 20 25 36 45 24
300 07 09 10 12 26 38 39
301 07 11 13 33 37 43 26
302 13 19 20 32 38 42 04
303 02 14 17 30 38 45 43
304 04 10 16 26 33 41 38
305 07 08 18 21 23 39 09
306 04 18 23 30 34 41 19
307 05 15 21 23 25 45 12
308 14 15 17 19 37 45 40
309 01 02 05 11 18 36 22
310 01 05 19 28 34 41 16
311 04 12 24 27 28 32 10
312 02 03 05 06 12 20 25
313 09 17 34 35 43 45 02
314 15 17 19 34 38 41 02
315 01 13 33 35 43 45 23
316 10 11 21 27 31 39 43
317 03 10 11 22 36 39 08
318 02 17 19 20 34 45 21
319 05 08 22 28 33 42 37
320 16 19 23 25 41 45 03
321 12 18 20 21 25 34 42
322 09 18 29 32 38 43 20
323 10 14 15 32 36 42 03
324 02 04 21 25 33 36 17
325 07 17 20 32 44 45 33
326 16 23 25 33 36 39 40
327 06 12 13 17 32 44 24
328 01 06 09 16 17 28 24
329 09 17 19 30 35 42 04
330 03 04 16 17 19 20 23
331 04 09 14 26 31 44 39
332 16 17 34 36 42 45 03
333 05 14 27 30 39 43 35
334 13 15 21 29 39 43 33
335 05 09 16 23 26 45 21
336 03 05 20 34 35 44 16
337 01 05 14 18 32 37 04
338 02 13 34 38 42 45 16
339 06 08 14 21 30 37 45
340 18 24 26 29 34 38 32
341 01 08 19 34 39 43 41
342 01 13 14 33 34 43 25
343 01 10 17 29 31 43 15
344 01 02 15 28 34 45 38
345 15 20 23 29 39 42 02
346 05 13 14 22 44 45 33
347 03 08 13 27 32 42 10
348 03 14 17 20 24 31 34
349 05 13 14 20 24 25 36
350 01 08 18 24 29 33 35
351 05 25 27 29 34 36 33
352 05 16 17 20 26 41 24
353 11 16 19 22 29 36 26
354 14 19 36 43 44 45 01
355 05 08 29 30 35 44 38
356 02 08 14 25 29 45 24
357 10 14 18 21 36 37 05
358 01 09 10 12 21 40 37
359 01 10 19 20 24 40 23
360 04 16 23 25 35 40 27
361 05 10 16 24 27 35 33
362 02 03 22 27 30 40 29
363 11 12 14 21 32 38 06
364 02 05 07 14 16 40 04
365 05 15 21 25 26 30 31
366 05 12 19 26 27 44 38
367 03 22 25 29 32 44 19
368 11 21 24 30 39 45 26
369 17 20 35 36 41 43 21
370 16 18 24 42 44 45 17
371 07 09 15 26 27 42 18
372 08 11 14 16 18 21 13
373 15 26 37 42 43 45 09
374 11 13 15 17 25 34 26
375 04 08 19 25 27 45 07
376 01 11 13 24 28 40 07
377 06 22 29 37 43 45 23
378 05 22 29 31 34 39 43
379 06 10 22 31 35 40 19
380 01 02 08 17 26 37 27
381 01 05 10 12 16 20 11
382 10 15 22 24 27 42 19
383 04 15 28 33 37 40 25
384 11 22 24 32 36 38 07
385 07 12 19 21 29 32 09
386 04 07 10 19 31 40 26
387 01 26 31 34 40 43 20
388 01 08 09 17 29 32 45
389 07 16 18 20 23 26 03
390 16 17 28 37 39 40 15
391 10 11 18 22 28 39 30
392 01 03 07 08 24 42 43
393 09 16 28 40 41 43 21
394 01 13 20 22 25 28 15
395 11 15 20 26 31 35 07
396 18 20 31 34 40 45 30
397 12 13 17 22 25 33 08
398 10 15 20 23 42 44 07
399 01 02 09 17 19 42 20
400 09 21 27 34 41 43 02
401 06 12 18 31 38 43 09
402 05 09 15 19 22 36 32
403 10 14 22 24 28 37 26
404 05 20 21 24 33 40 36
405 01 02 10 25 26 44 04
406 07 12 21 24 27 36 45
407 06 07 13 16 24 25 01
408 09 20 21 22 30 37 16
409 06 09 21 31 32 40 38
410 01 03 18 32 40 41 16
411 11 14 22 35 37 39 05
412 04 07 39 41 42 45 40
413 02 09 15 23 34 40 03
414 02 14 15 22 23 44 43
415 07 17 20 26 30 40 24
416 05 06 08 11 22 26 44
417 04 05 14 20 22 43 44
418 11 13 15 26 28 34 31
419 02 11 13 14 28 30 07
420 04 09 10 29 31 34 27
421 06 11 26 27 28 44 30
422 08 15 19 21 34 44 12
423 01 17 27 28 29 40 05
424 10 11 26 31 34 44 30
425 08 10 14 27 33 38 03
426 04 17 18 27 39 43 19
427 06 07 15 24 28 30 21
428 12 16 19 22 37 40 08
429 03 23 28 34 39 42 16
430 01 03 16 18 30 34 44
431 18 22 25 31 38 45 06
432 02 03 05 11 27 39 33
433 19 23 29 33 35 43 27
434 03 13 20 24 33 37 35
435 08 16 26 30 38 45 42
436 09 14 20 22 33 34 28
437 11 16 29 38 41 44 21
438 06 12 20 26 29 38 45
439 17 20 30 31 37 40 25
440 10 22 28 34 36 44 02
441 01 23 28 30 34 35 09
442 25 27 29 36 38 40 41
443 04 06 10 19 20 44 14
444 11 13 23 35 43 45 17
445 13 20 21 30 39 45 32
446 01 11 12 14 26 35 06
447 02 07 08 09 17 33 34
448 03 07 13 27 40 41 36
449 03 10 20 26 35 43 36
450 06 14 19 21 23 31 13
451 12 15 20 24 30 38 29
452 08 10 18 30 32 34 27
453 12 24 33 38 40 42 30
454 13 25 27 34 38 41 10
455 04 19 20 26 30 35 24
456 01 07 12 18 23 27 44
457 08 10 18 23 27 40 33
458 04 09 10 32 36 40 18
459 04 06 10 14 25 40 12
460 08 11 28 30 43 45 41
461 11 18 26 31 37 40 43
462 03 20 24 32 37 45 04
463 23 29 31 33 34 44 40
464 06 12 15 34 42 44 04
465 01 08 11 13 22 38 31
466 04 10 13 23 32 44 20
467 02 12 14 17 24 40 39
468 08 13 15 28 37 43 17
469 04 21 22 34 37 38 33
470 10 16 20 39 41 42 27
471 06 13 29 37 39 41 43
472 16 25 26 31 36 43 44
473 08 13 20 22 23 36 34
474 04 13 18 31 33 45 43
475 01 09 14 16 21 29 03
476 09 12 13 15 37 38 27
477 14 25 29 32 33 45 37
478 18 29 30 37 39 43 08
479 08 23 25 27 35 44 24
480 03 05 10 17 30 31 16
481 03 04 23 29 40 41 20
482 01 10 16 24 25 35 43
483 12 15 19 22 28 34 05
484 01 03 27 28 32 45 11
485 17 22 26 27 36 39 20
486 01 02 23 25 38 40 43
487 04 08 25 27 37 41 21
488 02 08 17 30 31 38 25
489 02 04 08 15 20 27 11
490 02 07 26 29 40 43 42
491 08 17 35 36 39 42 04
492 22 27 31 35 37 40 42
493 20 22 26 33 36 37 25
494 05 07 08 15 30 43 22
495 04 13 22 27 34 44 06
496 04 13 20 29 36 41 39
497 19 20 23 24 43 44 13
498 13 14 24 32 39 41 03
499 05 20 23 27 35 40 43
500 03 04 12 20 24 34 41
501 01 04 10 17 31 42 02
502 06 22 28 32 34 40 26
503 01 05 27 30 34 36 40
504 06 14 22 26 43 44 31
505 07 20 22 25 38 40 44
506 06 09 11 22 24 30 31
507 12 13 32 33 40 41 04
508 05 27 31 34 35 43 37
509 12 25 29 35 42 43 24
510 12 29 32 33 39 40 42
511 03 07 14 23 26 42 24
512 04 05 09 13 26 27 01
513 05 08 21 23 27 33 12
514 01 15 20 26 35 42 09
515 02 11 12 15 23 37 08
516 02 08 23 41 43 44 30
517 01 09 12 28 36 41 10
518 14 23 30 32 34 38 06
519 06 08 13 16 30 43 03
520 04 22 27 28 38 40 01
521 03 07 18 29 32 36 19
522 04 05 13 14 37 41 11
523 01 04 37 38 40 45 07
524 10 11 29 38 41 45 21
525 11 23 26 29 39 44 22
526 07 14 17 20 35 39 31
527 01 12 22 32 33 42 38
528 05 17 25 31 39 40 10
529 18 20 24 27 31 42 39
530 16 23 27 29 33 41 22
531 01 05 09 21 27 35 45
532 16 17 23 24 29 44 03
533 09 14 15 17 31 33 23
534 10 24 26 29 37 38 32
535 11 12 14 15 18 39 34
536 07 08 18 32 37 43 12
537 12 23 26 30 36 43 11
538 06 10 18 31 32 34 11
539 03 19 22 31 42 43 26
540 03 12 13 15 34 36 14
541 08 13 26 28 32 34 43
542 05 06 19 26 41 45 34
543 13 18 26 31 34 44 12
544 05 17 21 25 36 44 10
545 04 24 25 27 34 35 02
546 08 17 20 27 37 43 06
547 06 07 15 22 34 39 28
548 01 12 13 21 32 45 14
549 29 31 35 38 40 44 17
550 01 07 14 20 34 37 41
551 03 06 20 24 27 44 25
552 01 10 20 32 35 40 43
553 02 07 17 28 29 39 37
554 13 14 17 32 41 42 06
555 11 17 21 24 26 36 12
556 12 20 23 28 30 44 43
557 04 20 26 28 35 40 31
558 12 15 19 26 40 43 29
559 11 12 25 32 44 45 23
560 01 04 20 23 29 45 28
561 05 07 18 37 42 45 20
562 04 11 13 17 20 31 33
563 05 10 16 17 31 32 21
564 14 19 25 26 27 34 02
565 04 10 18 27 40 45 38
566 04 05 06 25 26 43 41
567 01 10 15 16 32 41 28
568 01 03 17 20 31 44 40
569 03 06 13 23 24 35 01
570 01 12 26 27 29 33 42
571 11 18 21 26 38 43 29
572 03 13 18 33 37 45 01
573 02 04 20 34 35 43 14
574 14 15 16 19 25 43 02
575 02 08 20 30 33 34 06
576 10 11 15 25 35 41 13
577 16 17 22 31 34 37 33
578 05 12 14 32 34 42 16
579 05 07 20 22 37 42 39
580 05 07 09 11 32 35 33
581 03 05 14 20 42 44 33
582 02 12 14 33 40 41 25
583 08 17 27 33 40 44 24
584 07 18 30 39 40 41 36
585 06 07 10 16 38 41 04
586 02 07 12 15 21 34 05
587 14 21 29 31 32 37 17
588 02 08 15 22 25 41 30
589 06 08 28 33 38 39 22
590 20 30 36 38 41 45 23
591 08 13 14 30 38 39 05
592 02 05 06 13 28 44 43
593 09 10 13 24 33 38 28
594 02 08 13 25 28 37 03
595 08 24 28 35 38 40 05
596 03 04 12 14 25 43 17
597 08 10 23 24 35 43 37
598 04 12 24 33 38 45 22
599 05 12 17 29 34 35 27
600 05 11 14 27 29 36 44
601 02 16 19 31 34 35 37
602 13 14 22 27 30 38 02
603 02 19 25 26 27 43 28
604 02 06 18 21 33 34 30
605 01 02 07 09 10 38 42
606 01 05 06 14 20 39 22
607 08 14 23 36 38 39 13
608 04 08 18 19 39 44 41
609 04 08 27 34 39 40 13
610 14 18 20 23 28 36 33
611 02 22 27 33 36 37 14
612 06 09 18 19 25 33 40
613 07 08 11 16 41 44 35
614 08 21 25 39 40 44 18
615 10 17 18 19 23 27 35
616 05 13 18 23 40 45 03
617 04 05 11 12 24 27 28
618 08 16 25 30 42 43 15
619 06 08 13 30 35 40 21
620 02 16 17 32 39 45 40
621 01 02 06 16 19 42 09
622 09 15 16 21 28 34 24
623 07 13 30 39 41 45 25
624 01 07 19 26 27 35 16
625 03 06 07 20 21 39 13
626 13 14 26 33 40 43 15
627 02 09 22 25 31 45 12
628 01 07 12 15 23 42 11
629 19 28 31 38 43 44 01
630 08 17 21 24 27 31 15
631 01 02 04 23 31 34 08
632 15 18 21 32 35 44 06
633 09 12 19 20 39 41 13
634 04 10 11 12 20 27 38
635 11 13 25 26 29 33 32
636 06 07 15 16 20 31 26
637 03 16 22 37 38 44 23
638 07 18 22 24 31 34 06
639 06 15 22 23 25 32 40
640 14 15 18 21 26 35 23
641 11 18 21 36 37 43 12
642 08 17 18 24 39 45 32
643 15 24 31 32 33 40 13
644 05 13 17 23 28 36 08
645 01 04 16 26 40 41 31
646 02 09 24 41 43 45 30
647 05 16 21 23 24 30 29
648 13 19 28 37 38 43 04
649 03 21 22 33 41 42 20
650 03 04 07 11 31 41 35
651 11 12 16 26 29 44 18
652 03 13 15 40 41 44 20
653 05 06 26 27 38 39 01
654 16 21 26 31 36 43 06
655 07 37 38 39 40 44 18
656 03 07 14 16 31 40 39
657 10 14 19 39 40 43 23
658 08 19 25 28 32 36 37
659 07 18 19 27 29 42 45
660 04 09 23 33 39 44 14
661 02 03 12 20 27 38 40
662 05 06 09 11 15 37 26
663 03 05 08 19 38 42 20
664 10 20 33 36 41 44 05
665 05 06 11 17 38 44 13
666 02 04 06 11 17 28 16
667 15 17 25 37 42 43 13
668 12 14 15 24 27 32 03
669 07 08 20 29 33 38 09
670 11 18 26 27 40 41 25
671 07 09 10 13 31 35 24
672 08 21 28 31 36 45 43
673 07 10 17 29 33 44 05
674 09 10 14 25 27 31 11
675 01 08 11 15 18 45 07
676 01 08 17 34 39 45 27
677 12 15 24 36 41 44 42
678 04 05 06 12 25 37 45
679 03 05 07 14 26 34 35
680 04 10 19 29 32 42 30
681 21 24 27 29 43 44 07
682 17 23 27 35 38 43 02
683 06 13 20 27 28 40 15
684 01 11 15 17 25 39 40
685 06 07 12 28 38 40 18
686 07 12 15 24 25 43 13
687 01 08 10 13 28 42 45
688 05 15 22 23 34 35 02
689 07 17 19 30 36 38 34
690 24 25 33 34 38 39 43
691 15 27 33 35 43 45 16
692 03 11 14 15 32 36 44
693 01 06 11 28 34 42 30
694 07 15 20 25 33 43 12
695 04 18 26 33 34 38 14
696 01 07 16 18 34 38 21
697 02 05 08 11 33 39 31
698 03 11 13 21 33 37 18
699 04 05 08 16 21 29 03
700 11 23 28 29 30 44 13
701 03 10 14 16 36 38 35
702 03 13 16 24 26 29 09
703 10 28 31 33 41 44 21
704 01 04 08 23 33 42 45
705 01 06 17 22 28 45 23
706 03 04 06 10 28 30 37
707 02 12 19 24 39 44 35
708 02 10 16 19 34 45 01
709 10 18 30 36 39 44 32
710 03 04 09 24 25 33 10
711 11 15 24 35 37 45 42
712 17 20 30 31 33 45 19
713 02 05 15 18 19 23 44
714 01 07 22 33 37 40 20
715 02 07 27 33 41 44 10
716 02 06 13 16 29 30 21
717 02 11 19 25 28 32 44
718 04 11 20 23 32 39 40
719 04 08 13 19 20 43 26
720 01 12 29 34 36 37 41
721 01 28 35 41 43 44 31
722 12 14 21 30 39 43 45
723 20 30 33 35 36 44 22
724 02 08 33 35 37 41 14
725 06 07 19 21 41 43 38
726 01 11 21 23 34 44 24
727 07 08 10 19 21 31 20
728 03 06 10 30 34 37 36
729 11 17 21 26 36 45 16
730 04 10 14 15 18 22 39
731 02 07 13 25 42 45 39
732 02 04 05 17 27 32 43
733 11 24 32 33 35 40 13
734 06 16 37 38 41 45 18
735 05 10 13 27 37 41 04
736 02 11 17 18 21 27 06
737 13 15 18 24 27 41 11
738 23 27 28 38 42 43 36
739 07 22 29 33 34 35 30
740 04 08 09 16 17 19 31
741 05 21 27 34 44 45 16
742 08 10 13 36 37 40 06
743 15 19 21 34 41 44 10
744 10 15 18 21 34 41 43
745 01 02 03 09 12 23 10
746 03 12 33 36 42 45 25
747 07 09 12 14 23 28 17
748 03 10 13 22 31 32 29
749 12 14 24 26 34 45 41
750 01 02 15 19 24 36 12
751 03 04 16 20 28 44 17
752 04 16 20 33 40 43 07
753 02 17 19 24 37 41 03
754 02 08 17 24 29 31 32
755 13 14 26 28 30 36 37
756 10 14 16 18 27 28 04
757 06 07 11 17 33 44 01
758 05 09 12 30 39 43 24
759 09 33 36 40 42 43 32
760 10 22 27 31 42 43 12
761 04 07 11 24 42 45 30
762 01 03 12 21 26 41 16
763 03 08 16 32 34 43 10
764 07 22 24 31 34 36 15
765 01 03 08 12 42 43 33
766 09 30 34 35 39 41 21
767 05 15 20 31 34 42 22
768 07 27 29 30 38 44 04
769 05 07 11 16 41 45 04
770 01 09 12 23 39 43 34
771 06 10 17 18 21 29 30
772 05 06 11 14 21 41 32
773 08 12 19 21 31 35 44
774 12 15 18 28 34 42 09
775 11 12 29 33 38 42 17
776 08 09 18 21 28 40 20
777 06 12 17 21 34 37 18
778 06 21 35 36 37 41 11
779 06 12 19 24 34 41 04
780 15 17 19 21 27 45 16
781 11 16 18 19 24 39 43
782 06 18 31 34 38 45 20
783 14 15 16 17 38 45 36
784 03 10 23 24 31 39 22
785 04 06 15 25 26 33 40
786 12 15 16 20 24 30 38
787 05 06 13 16 27 28 09
788 02 10 11 19 35 39 29
789 02 06 07 12 19 45 38
790 03 08 19 27 30 41 12
791 02 10 12 31 33 42 32
792 02 07 19 25 29 36 16
793 10 15 21 35 38 43 31
794 06 07 18 19 30 38 13
795 03 10 13 26 34 38 36
796 01 21 26 36 40 41 05
797 05 22 31 32 39 45 36
798 02 10 14 22 32 36 41
799 12 17 23 34 42 45 33
800 01 04 10 12 28 45 26
801 17 25 28 37 43 44 02
802 10 11 12 18 24 42 27
803 05 09 14 26 30 43 02
804 01 10 13 26 32 36 09
805 03 12 13 18 31 32 42
806 14 20 23 31 37 38 27
807 06 10 18 25 34 35 33
808 15 21 31 32 41 43 24
809 06 11 15 17 23 40 39
810 05 10 13 21 39 43 11
811 08 11 19 21 36 45 25
812 01 03 12 14 16 43 10
813 11 30 34 35 42 44 27
814 02 21 28 38 42 45 30
815 17 21 25 26 27 36 04
816 12 18 19 29 31 39 07
817 03 09 12 13 25 43 34
818 14 15 25 28 29 30 03
819 16 25 33 38 40 45 15
820 10 21 22 30 35 42 06
821 01 12 13 24 29 44 16
822 09 18 20 24 27 36 12
823 12 18 24 26 39 40 15
824 07 09 24 29 34 38 26
825 08 15 21 31 33 38 42
826 13 16 24 25 33 36 42
827 05 11 12 29 33 44 14
828 04 07 13 29 31 39 18
829 04 05 31 35 43 45 29
830 05 06 16 18 37 38 17
831 03 10 16 19 31 39 09
832 13 14 19 26 40 43 30
833 12 18 30 39 41 42 19
834 06 08 18 35 42 43 03
835 09 10 13 28 38 45 35
836 01 09 11 14 26 28 19
837 02 25 28 30 33 45 06
838 09 14 17 33 36 38 20
839 03 09 11 12 13 19 35
840 02 04 11 28 29 43 27
841 05 11 14 30 33 38 24
842 14 26 32 36 39 42 38
843 19 21 30 33 34 42 04
844 07 08 13 15 33 45 18
845 01 16 29 33 40 45 06
846 05 18 30 41 43 45 13
847 12 16 26 28 30 42 22
848 01 02 16 22 38 39 34
849 05 13 17 29 34 39 03
850 16 20 24 28 36 39 05
851 14 18 22 26 31 44 40
852 11 17 28 30 33 35 09
853 02 08 23 26 27 44 13
854 20 25 31 32 36 43 03
855 08 15 17 19 43 44 07
856 10 24 40 41 43 44 17
857 06 10 16 28 34 38 43
858 09 13 32 38 39 43 23
859 08 22 35 38 39 41 24
860 04 08 18 25 27 32 42
861 11 17 19 21 22 25 24
862 10 34 38 40 42 43 32
863 16 21 28 35 39 43 12
864 03 07 10 13 25 36 32
865 03 15 22 32 33 45 02
866 09 15 29 34 37 39 12
867 14 17 19 22 24 40 41
868 12 17 28 41 43 44 25
869 02 06 20 27 37 39 04
870 21 25 30 32 40 42 31
871 02 06 12 26 30 34 38
872 02 04 30 32 33 43 29
873 03 05 12 13 33 39 38
874 01 15 19 23 28 42 32
875 19 22 30 34 39 44 36
876 05 16 21 26 34 42 24
877 05 17 18 22 23 43 12
878 02 06 11 16 25 31 03
879 01 04 10 14 15 35 20
880 07 17 19 23 24 45 38
881 04 18 20 26 27 32 09
882 18 34 39 43 44 45 23
883 09 18 32 33 37 44 22
884 04 14 23 28 37 45 17
885 01 03 24 27 39 45 31
886 19 23 28 37 42 45 02
887 08 14 17 27 36 45 10
888 03 07 12 31 34 38 32
889 03 13 29 38 39 42 26
890 01 04 14 18 29 37 06
891 09 13 28 31 39 41 19
892 04 09 17 18 26 42 36
893 01 15 17 23 25 41 10
894 19 32 37 40 41 43 45
895 16 26 31 38 39 41 23
896 05 12 25 26 38 45 23
897 06 07 12 22 26 36 29
898 18 21 28 35 37 42 17
899 08 19 20 21 33 39 37
900 07 13 16 18 35 38 14
901 05 18 20 23 30 34 21
902 07 19 23 24 36 39 30
903 02 15 16 21 22 28 45
904 02 06 08 26 43 45 11
905 03 04 16 27 38 40 20
906 02 05 14 28 31 32 20
907 21 27 29 38 40 44 37
908 03 16 21 22 23 44 30
909 07 24 29 30 34 35 33
910 01 11 17 27 35 39 31
911 04 05 12 14 32 42 35
912 05 08 18 21 22 38 10
913 06 14 16 21 27 37 40
914 16 19 24 33 42 44 27
915 02 06 11 13 22 37 14
916 06 21 22 32 35 36 17
917 01 03 23 24 27 43 34
918 07 11 12 31 33 38 05
919 09 14 17 18 42 44 35
920 02 03 26 33 34 43 29
921 05 07 12 22 28 41 01
922 02 06 13 17 27 43 36
923 03 17 18 23 36 41 26
924 03 11 34 42 43 44 13
925 13 24 32 34 39 42 04
926 10 16 18 20 25 31 06
927 04 15 22 38 41 43 26
928 03 04 10 20 28 44 30
929 07 09 12 15 19 23 04
930 08 21 25 38 39 44 28
931 14 15 23 25 35 43 32
932 01 06 15 36 37 38 05
933 23 27 29 31 36 45 37
934 01 03 30 33 36 39 12
935 04 10 20 32 38 44 18
936 07 11 13 17 18 29 43
937 02 10 13 22 29 40 26
938 04 08 10 16 31 36 09
939 04 11 28 39 42 45 06
940 03 15 20 22 24 41 11
941 12 14 25 27 39 40 35
942 10 12 18 35 42 43 39
943 01 08 13 36 44 45 39
944 02 13 16 19 32 33 42
945 09 10 15 30 33 37 26
946 09 18 19 30 34 40 20
947 03 08 17 20 27 35 26
948 13 18 30 31 38 41 05
949 14 21 35 36 40 44 30
950 03 04 15 22 28 40 10
951 02 12 30 31 39 43 38
952 04 12 22 24 33 41 38
953 07 09 22 27 37 42 34
954 01 09 26 28 30 41 32
955 04 09 23 26 29 33 08
956 10 11 20 21 25 41 40
957 04 15 24 35 36 40 01
958 02 09 10 16 35 37 01
959 01 14 15 24 40 41 35
960 02 18 24 30 32 45 14
961 11 20 29 31 33 42 43
962 01 18 28 31 34 43 40
963 06 12 19 23 34 42 35
964 06 21 36 38 39 43 30
965 02 13 25 28 29 36 34
966 01 21 25 29 34 37 36
967 01 06 13 37 38 40 09
968 02 05 12 14 24 39 33
969 03 09 10 29 40 45 07
970 09 11 16 21 28 36 05
971 02 06 17 18 21 26 07
972 03 06 17 23 37 39 26
973 22 26 31 37 41 42 24
974 01 02 11 16 39 44 32
975 07 08 09 17 22 24 05
976 04 12 14 25 35 37 02
977 02 09 10 14 22 44 16
978 01 07 15 32 34 42 08
979 07 11 16 21 27 33 24
980 03 13 16 23 24 35 14
981 27 36 37 41 43 45 32
982 05 07 13 20 21 44 33
983 13 23 26 31 35 43 15
984 03 10 23 35 36 37 18
985 17 21 23 30 34 44 19
986 07 10 16 28 41 42 40
987 02 04 15 23 29 38 07
988 02 13 20 30 31 41 27
989 17 18 21 27 29 33 26
990 02 04 25 26 36 37 28
991 13 18 25 31 33 44 38
992 12 20 26 33 44 45 24
993 06 14 16 18 24 42 44
994 01 03 08 24 27 35 28
995 01 04 13 29 38 39 07
996 06 11 15 24 32 39 28
997 04 07 14 16 24 44 20
998 13 17 18 20 42 45 41
999 01 03 09 14 18 28 34
1000 02 08 19 22 32 42 39
1001 06 10 12 14 20 42 15
1002 17 25 33 35 38 45 15
1003 01 04 29 39 43 45 31
1004 07 15 30 37 39 44 18
1005 08 13 18 24 27 29 17
1006 08 11 15 16 17 37 36
1007 08 11 16 19 21 25 40
1008 09 11 30 31 41 44 33
1009 15 23 29 34 40 44 20
1010 09 12 15 25 34 36 03
1011 01 09 12 26 35 38 42
1012 05 11 18 20 35 45 03
1013 21 22 26 34 36 41 32
1014 03 11 14 18 26 27 21
1015 14 23 31 33 37 40 44
1016 15 26 28 34 41 42 44
1017 12 18 22 23 30 34 32
1018 03 19 21 25 37 45 35
1019 01 04 13 17 34 39 06
1020 12 27 29 38 41 45 06
1021 12 15 17 24 29 45 16
1022 05 06 11 29 42 45 28
1023 10 14 16 18 29 35 25
1024 09 18 20 22 38 44 10
1025 08 09 20 25 29 33 07
1026 05 12 13 31 32 41 34
1027 14 16 27 35 39 45 05
1028 05 07 12 13 18 35 23
1029 12 30 32 37 39 41 24
1030 02 05 11 17 24 29 09
1031 06 07 22 32 35 36 19
1032 01 06 12 19 36 42 28
1033 03 11 15 20 35 44 10
1034 26 31 32 33 38 40 11
1035 09 14 34 35 41 42 02
1036 02 05 22 32 34 45 39
1037 02 14 15 22 27 33 31
1038 07 16 24 27 37 44 02
1039 02 03 06 19 36 39 26
1040 08 16 26 29 31 36 11
1041 06 07 09 11 17 18 45
1042 05 14 15 23 34 43 04
1043 03 05 12 22 26 31 19
1044 12 17 20 26 28 36 04
1045 06 14 15 19 21 41 37
1046 07 16 25 29 35 36 28
1047 02 20 33 40 42 44 32
1048 06 12 17 21 32 39 30
1049 03 05 13 20 21 37 17
1050 06 12 31 35 38 43 17
1051 21 26 30 32 33 35 44
1052 05 17 26 27 35 38 01
1053 22 26 29 30 34 45 15
1054 14 19 27 28 30 45 33
1055 04 07 12 14 22 33 31
1056 13 20 24 32 36 45 29
1057 08 13 19 27 40 45 12
1058 11 23 25 30 32 40 42
1059 07 10 22 25 34 40 27
1060 03 10 24 33 38 45 36
1061 04 24 27 35 37 45 15
1062 20 31 32 40 41 45 12
1063 03 06 22 23 24 38 30
1064 03 06 09 18 22 35 14
1065 03 18 19 23 32 45 24
1066 06 11 16 19 21 32 45
1067 07 10 19 23 28 33 18
1068 04 07 19 26 33 35 03
1069 01 10 18 22 28 31 44
1070 03 06 14 22 30 41 36
1071 01 02 11 21 30 35 39
1072 16 18 20 23 32 43 27
1073 06 18 28 30 32 38 15
1074 01 06 20 27 28 41 15
1075 01 23 24 35 44 45 10
1076 03 07 09 33 36 37 10
1077 04 08 17 30 40 43 34
1078 06 10 11 14 36 38 43
1079 04 08 18 24 37 45 06
1080 13 16 23 31 36 44 38
1081 01 09 16 23 24 38 17
1082 21 26 27 32 34 42 31
1083 03 07 14 15 22 38 17
1084 08 12 13 29 33 42 05
1085 04 07 17 18 38 44 36
1086 11 16 25 27 35 36 37
1087 13 14 18 21 34 44 16
1088 11 21 22 30 39 44 31
1089 04 18 31 37 42 43 40
1090 12 19 21 29 40 45 01
1091 06 20 23 24 28 30 44
1092 07 18 19 26 33 45 37
1093 10 17 22 30 35 43 44
1094 06 07 15 22 26 40 41
1095 08 14 28 29 34 40 12
1096 01 12 16 19 23 43 34
1097 14 33 34 35 37 40 04
1098 12 16 21 24 41 43 15
1099 03 20 28 38 40 43 04
1100 17 26 29 30 31 43 12
1101 06 07 13 28 36 42 41
1102 13 14 22 26 37 38 20
1103 10 12 29 31 40 44 02
1104 01 07 21 30 35 38 02
1105 06 16 34 37 39 40 11
1106 01 03 04 29 42 45 36
1107 06 14 30 31 40 41 29
1108 07 19 26 37 39 44 27
1109 10 12 13 19 33 40 02
1110 03 07 11 20 22 41 24
1111 03 13 30 33 43 45 04
1112 16 20 26 36 42 44 24
1113 11 13 20 21 32 44 08
1114 10 16 19 32 33 38 03
1115 07 12 23 32 34 36 08
1116 15 16 17 25 30 31 32
1117 03 04 09 30 33 36 07
1118 11 13 14 15 16 45 03
1119 01 09 12 13 20 45 03
1120 02 19 26 31 38 41 34
1121 06 24 31 32 38 44 08
1122 03 06 21 30 34 35 22
1123 13 19 21 24 34 35 26
1124 03 08 17 30 33 34 28
1125 06 14 25 33 40 44 30
1126 04 05 09 11 37 40 07
1127 10 15 24 30 31 37 32
1128 01 05 08 16 28 33 45
1129 05 10 11 17 28 34 22
1130 15 19 21 25 27 28 40
1131 01 02 06 14 27 38 33
1132 06 07 19 28 34 41 05
1133 13 14 20 28 29 34 23
1134 03 07 09 13 19 24 23
1135 01 06 13 19 21 33 04
1136 21 33 35 38 42 44 01
1137 04 09 12 15 33 45 26
1138 14 16 19 20 29 34 35
1139 05 12 15 30 37 40 18
1140 07 10 22 29 31 38 15
1141 07 11 12 21 26 35 20
1142 02 08 28 30 37 41 22
1143 10 16 17 27 28 36 06
1144 03 04 12 15 26 34 06
1145 02 11 31 33 37 44 32
1146 06 11 17 19 40 43 28
1147 07 11 24 26 27 37 32
1148 03 06 13 15 16 22 32
1149 08 15 19 21 32 36 38
1150 08 09 18 35 39 45 25
1151 02 03 09 15 27 29 08
1152 30 31 32 35 36 37 05
1153 01 09 10 13 35 44 05
1154 04 08 22 26 32 38 27
1155 10 16 19 27 37 38 13
1156 30 31 34 39 41 45 07
1157 05 07 12 20 25 26 28
1158 21 25 27 32 37 38 20
1159 03 09 27 28 38 39 07
1160 07 13 18 36 39 45 19
1161 02 12 20 24 34 42 37
1162 20 21 22 25 28 29 06
1163 02 13 15 16 33 43 04
1164 17 18 23 25 38 39 22
1165 06 07 27 29 38 45 17
1166 14 23 25 27 29 42 16
1167 08 23 31 35 39 40 24
1168 09 21 24 30 33 37 29
1169 05 12 24 26 39 42 20
1170 03 13 28 34 38 42 25
1171 03 06 07 11 12 17 19
1172 07 09 24 40 42 44 45
1173 01 05 18 20 30 35 03
1174 08 11 14 17 36 39 22
1175 03 04 06 08 32 42 31
1176 07 09 11 21 30 35 29
1177 03 07 15 16 19 43 21
1178 05 06 11 27 43 44 17
1179 03 16 18 24 40 44 21
1180 06 12 18 37 40 41 03
1181 08 10 14 20 33 41 28
1182 01 13 21 25 28 31 22
1183 04 15 17 23 27 36 31
1184 14 16 23 25 31 37 42
1185 06 17 22 28 29 32 38
1186 02 08 13 16 23 28 35
1187 05 13 26 29 37 40 42
1188 03 04 12 19 22 27 09
1189 09 19 29 35 37 38 31
1190 07 09 19 23 26 45 33
1191 01 04 11 12 20 41 02
1192 10 16 23 36 39 40 11
1193 06 09 16 19 24 28 17
1194 03 13 15 24 33 37 02
1195 03 15 27 33 34 36 37
1196 08 12 15 29 40 45 14
1197 01 05 07 26 28 43 30
1198 26 30 33 38 39 41 21
1199 16 24 25 30 31 32 07
1200 01 02 04 16 20 32 45
1201 07 09 24 27 35 36 37
1202 05 12 21 33 37 40 07
1203 03 06 18 29 35 39 24
1204 08 16 28 30 31 44 27
1205 01 04 16 23 31 41 02
1206 01 03 17 26 27 42 23
1207 10 22 24 27 38 45 11
1208 06 27 30 36 38 42 25
1209 02 17 20 35 37 39 24
1210 01 07 09 17 27 38 31
1211 23 26 27 35 38 40 10
1212 05 08 25 31 41 44 45
1213 05 11 25 27 36 38 02
1214 10 15 19 27 30 33 14
1215 13 15 19 21 44 45 39
1216 03 10 14 15 23 24 25
1217 08 10 15 20 29 31 41
1218 03 28 31 32 42 45 25
1219 01 02 15 28 39 45 31
1220 02 22 25 28 34 43 16
1221 06 13 18 28 30 36 09
1222 04 11 17 22 32 41 34
1223 16 18 20 32 33 39 26
1224 09 18 21 27 44 45 28
1225 08 09 19 25 41 42 33
1226 04 06 13 17 26 28 41
1227 01 14 16 34 41 44 13
1228 24 29 30 31 35 44 01
1229 12 13 29 34 37 42 16
1230 03 08 09 22 28 42 45
1231 04 13 14 18 31 38 15
1232 12 15 19 22 24 36 03
1233 02 07 20 25 37 40 29
1234 01 15 19 31 35 43 27
1235 06 07 11 15 39 43 20
1236 12 18 21 29 34 38 10
1237 10 20 23 34 37 40 36
